15.8393
15.0366
17.5384
7.49831
18.4309
-12.0088
-6.41984
721
15.8393 8.61673 17.5384
15.9142 8.47853 17.5381
15.9882 8.34007 17.5373
16.0615 8.20167 17.5358
16.1341 8.06316 17.5337
16.2059 7.92457 17.531
16.2772 7.78602 17.5276
16.3475 7.64719 17.5238
16.4172 7.50827 17.5194
16.4862 7.36939 17.5143
16.5546 7.23039 17.5086
16.6223 7.09131 17.5023
16.6894 6.95209 17.4955
16.7559 6.8132 17.4873
16.8218 6.67426 17.4784
16.8872 6.53538 17.4687
16.9518 6.39627 17.4586
17.016 6.25726 17.4476
17.0796 6.11834 17.4355
17.1427 5.97943 17.4227
17.2054 5.84059 17.409
17.2674 5.70157 17.3947
17.3292 5.563 17.3789
17.3904 5.42423 17.3626
17.4512 5.28553 17.3454
17.5116 5.14698 17.327
17.5715 5.00845 17.3078
17.6311 4.86985 17.2878
17.6902 4.73145 17.2666
17.7492 4.59315 17.2444
17.8076 4.4548 17.2213
17.8659 4.31669 17.197
17.9239 4.17851 17.1719
17.9816 4.04054 17.1455
18.039 3.90254 17.1183
18.0964 3.76478 17.0897
18.1534 3.62696 17.0603
18.2104 3.48933 17.0296
18.2672 3.35182 16.9978
18.3237 3.21422 16.9651
18.3801 3.07673 16.9312
18.4366 2.9395 16.8959
18.493 2.80219 16.8598
18.5493 2.66505 16.8223
18.6054 2.5278 16.7839
18.6618 2.39086 16.744
18.7181 2.25391 16.7031
18.7742 2.11685 16.6613
18.8307 1.98006 16.6179
18.8872 1.84326 16.5735
18.9436 1.70641 16.528
19.0004 1.56978 16.4811
19.0571 1.43302 16.4332
19.1141 1.29631 16.3841
19.1712 1.15963 16.3337
19.2285 1.02298 16.2822
19.2862 0.886322 16.2295
19.344 0.74967 16.1755
19.4021 0.612973 16.1205
19.4603 0.476161 16.0644
19.519 0.339382 16.007
19.5778 0.202466 15.9485
19.6372 0.0656228 15.8887
19.6967 -0.0714025 15.8279
19.7566 -0.208524 15.766
19.817 -0.345739 15.703
19.8778 -0.483049 15.6387
19.9386 -0.620605 15.5736
20.0001 -0.758252 15.5073
20.0618 -0.8961 15.4399
20.1242 -1.03408 15.3714
20.1868 -1.17234 15.302
20.2497 -1.31084 15.2317
20.3129 -1.44965 15.1604
20.3769 -1.5886 15.088
20.4409 -1.72798 15.0149
20.5054 -1.8676 14.9408
20.5703 -2.00756 14.8658
20.6356 -2.14787 14.7899
20.7013 -2.28856 14.7133
20.767 -2.42969 14.6359
20.8333 -2.57121 14.5577
20.8996 -2.71319 14.4789
20.9662 -2.85566 14.3994
21.033 -2.99861 14.3193
21.1001 -3.14207 14.2385
21.167 -3.28611 14.1573
21.2342 -3.43069 14.0755
21.3009 -3.57593 13.9934
21.368 -3.72171 13.9108
21.435 -3.86814 13.8278
21.5016 -4.01526 13.7445
21.5681 -4.16302 13.6609
21.6343 -4.31148 13.577
21.6997 -4.4607 13.4931
21.765 -4.6106 13.4089
21.8295 -4.76129 13.3248
21.8935 -4.91272 13.2405
21.9566 -5.06495 13.1563
22.0189 -5.21797 13.0721
22.0799 -5.37179 12.9881
22.1402 -5.5264 12.9041
22.1992 -5.68184 12.8204
22.2567 -5.83812 12.737
22.3127 -5.9952 12.6538
22.3672 -6.15311 12.5711
22.4201 -6.31183 12.4886
22.4713 -6.47136 12.4066
22.5204 -6.63167 12.3251
22.5677 -6.79277 12.244
22.6122 -6.95464 12.1636
22.6553 -7.11727 12.0835
22.6951 -7.28059 12.0042
22.7328 -7.44465 11.9255
22.7679 -7.60938 11.8475
22.7995 -7.77471 11.7702
22.8288 -7.94067 11.6935
22.8552 -8.10721 11.6176
22.8779 -8.27423 11.5425
22.8975 -8.44176 11.4681
22.9141 -8.60975 11.3945
22.9267 -8.77807 11.3219
22.936 -8.94675 11.2499
22.9419 -9.11575 11.1788
22.9436 -9.28492 11.1086
22.9418 -9.45429 11.0392
22.936 -9.62376 10.9708
22.9261 -9.79326 10.9032
22.9122 -9.96271 10.8365
22.8939 -10.1321 10.7709
22.8719 -10.3013 10.706
22.8454 -10.4704 10.6421
22.8145 -10.6391 10.5792
22.7796 -10.8075 10.5172
22.7402 -10.9755 10.4562
22.6962 -11.1429 10.3962
22.6479 -11.3099 10.3373
22.5951 -11.4761 10.2793
22.5377 -11.6417 10.2224
22.4757 -11.8065 10.1666
22.4092 -11.9705 10.1119
22.3383 -12.1336 10.0582
22.2627 -12.2957 10.0057
22.1823 -12.4567 9.9544
22.0972 -12.6166 9.90433
22.0079 -12.7754 9.85541
21.9138 -12.933 9.80784
21.815 -13.0892 9.7615
21.7114 -13.2441 9.71662
21.6034 -13.3976 9.67304
21.4904 -13.5495 9.63102
21.373 -13.6999 9.59037
21.2508 -13.8487 9.5514
21.1242 -13.9959 9.51386
20.9926 -14.1413 9.47819
20.8569 -14.2851 9.44403
20.7161 -14.427 9.41186
20.5711 -14.5671 9.38136
20.4209 -14.7051 9.35293
20.2666 -14.8413 9.32638
20.1077 -14.9755 9.3019
19.9443 -15.1076 9.27955
19.7766 -15.2378 9.2593
19.6042 -15.3657 9.24142
19.4276 -15.4915 9.22569
19.2464 -15.6151 9.21255
19.0614 -15.7366 9.20164
18.8717 -15.8557 9.19343
18.6784 -15.9726 9.18759
18.4806 -16.0872 9.18446
18.279 -16.1995 9.18396
18.0737 -16.3094 9.18607
17.8642 -16.4169 9.19108
17.6516 -16.5221 9.19859
17.435 -16.6248 9.20915
17.2153 -16.7251 9.22231
16.9922 -16.8231 9.23834
16.7659 -16.9185 9.25716
16.5367 -17.0114 9.27871
16.3045 -17.1019 9.30315
16.0699 -17.19 9.33016
15.8323 -17.2755 9.36016
15.5926 -17.3586 9.39265
15.3504 -17.439 9.42794
15.106 -17.5169 9.46584
14.86 -17.5925 9.50622
14.6118 -17.6653 9.54925
14.3621 -17.7356 9.59461
14.1107 -17.8034 9.64258
13.8581 -17.8687 9.69275
13.604 -17.9313 9.74532
13.3488 -17.9913 9.80014
13.0927 -18.049 9.85705
12.8355 -18.1038 9.9162
12.5778 -18.1562 9.97729
12.3192 -18.206 10.0405
12.0602 -18.2532 10.1055
11.8007 -18.2978 10.1725
11.5409 -18.3398 10.2412
11.2808 -18.3792 10.3118
11.0206 -18.4161 10.3839
10.7603 -18.4504 10.4577
10.5001 -18.4821 10.5331
10.24 -18.5113 10.61
9.98008 -18.5379 10.6884
9.72049 -18.5619 10.7682
9.46114 -18.5834 10.8494
9.20236 -18.6024 10.9318
8.94395 -18.6189 11.0155
8.68623 -18.6329 11.1003
8.429 -18.6444 11.1865
8.17256 -18.6534 11.2736
7.91679 -18.6599 11.3618
7.6619 -18.6641 11.451
7.40782 -18.6657 11.5413
7.15466 -18.665 11.6324
6.90242 -18.6619 11.7245
6.65124 -18.6564 11.8173
6.40108 -18.6486 11.911
6.15201 -18.6384 12.0055
5.9041 -18.626 12.1007
5.65734 -18.6112 12.1966
5.41182 -18.5942 12.2931
5.16756 -18.575 12.3902
4.92461 -18.5536 12.4879
4.68296 -18.5299 12.5862
4.44266 -18.5041 12.6849
4.2038 -18.4763 12.7841
3.96632 -18.4462 12.8838
3.73032 -18.4142 12.9839
3.4958 -18.3801 13.0843
3.26279 -18.3439 13.1851
3.0313 -18.3058 13.2861
2.80136 -18.2657 13.3875
2.57302 -18.2237 13.4891
2.3463 -18.1799 13.5908
2.12116 -18.1341 13.6928
1.89769 -18.0865 13.7949
1.67589 -18.0372 13.8971
1.45576 -17.986 13.9994
1.23735 -17.9332 14.1016
1.02062 -17.8786 14.204
0.805635 -17.8223 14.3063
0.592373 -17.7644 14.4086
0.380882 -17.7049 14.5108
0.171159 -17.6439 14.6129
-0.0367966 -17.5813 14.7148
-0.242942 -17.5172 14.8166
-0.447346 -17.4516 14.9182
-0.649901 -17.3846 15.0195
-0.850678 -17.3161 15.1207
-1.04964 -17.2463 15.2215
-1.24676 -17.1752 15.322
-1.44207 -17.1027 15.4222
-1.63554 -17.029 15.5219
-1.82719 -16.954 15.6213
-2.01703 -16.8778 15.7203
-2.20501 -16.8005 15.8188
-2.39117 -16.7219 15.9168
-2.5755 -16.6423 16.0143
-2.75798 -16.5616 16.1112
-2.93868 -16.4798 16.2077
-3.11752 -16.397 16.3035
-3.29452 -16.3132 16.3986
-3.46974 -16.2284 16.4931
-3.64315 -16.1427 16.587
-3.81474 -16.0561 16.6801
-3.9845 -15.9687 16.7724
-4.15253 -15.8803 16.8641
-4.31875 -15.7912 16.9549
-4.48316 -15.7013 17.0448
-4.64581 -15.6106 17.134
-4.80673 -15.5192 17.2223
-4.9659 -15.427 17.3097
-5.12332 -15.3342 17.3962
-5.27899 -15.2408 17.4817
-5.43297 -15.1466 17.5663
-5.58525 -15.0519 17.6499
-5.73584 -14.9565 17.7325
-5.88474 -14.8607 17.8141
-6.03197 -14.7643 17.8945
-6.17752 -14.6674 17.9738
-6.32146 -14.57 18.0521
-6.46378 -14.472 18.1292
-6.60449 -14.3737 18.2053
-6.74359 -14.2749 18.2801
-6.88112 -14.1756 18.3538
-7.01708 -14.076 18.4262
-7.15149 -13.9761 18.4974
-7.28436 -13.8757 18.5674
-7.41571 -13.7751 18.6361
-7.54557 -13.6741 18.7035
-7.67394 -13.5727 18.7696
-7.80084 -13.4711 18.8345
-7.9263 -13.3691 18.898
-8.0503 -13.267 18.9601
-8.17289 -13.1646 19.0209
-8.29407 -13.0619 19.0803
-8.41388 -12.959 19.1384
-8.53233 -12.8558 19.1952
-8.64941 -12.7525 19.2505
-8.76514 -12.649 19.3043
-8.87957 -12.5453 19.3568
-8.9927 -12.4414 19.4078
-9.10455 -12.3373 19.4575
-9.21511 -12.2331 19.5057
-9.32443 -12.1286 19.5525
-9.43253 -12.024 19.598
-9.53939 -11.9193 19.6419
-9.64504 -11.8145 19.6843
-9.74952 -11.7095 19.7255
-9.85281 -11.6043 19.7652
-9.95494 -11.499 19.8035
-10.0559 -11.3935 19.8405
-10.1558 -11.2881 19.8758
-10.2545 -11.1824 19.9098
-10.3522 -11.0765 19.9426
-10.4487 -10.9706 19.9738
-10.5442 -10.8645 20.0039
-10.6386 -10.7583 20.0323
-10.732 -10.6519 20.0597
-10.8243 -10.5455 20.0856
-10.9156 -10.4388 20.1103
-11.0059 -10.332 20.1336
-11.0951 -10.2251 20.1557
-11.1834 -10.118 20.1765
-11.2707 -10.0107 20.1963
-11.357 -9.90331 20.2146
-11.4423 -9.79552 20.2322
-11.5267 -9.68786 20.2481
-11.6101 -9.57975 20.2634
-11.6925 -9.47162 20.2772
-11.774 -9.36321 20.2901
-11.8546 -9.25439 20.3024
-11.9342 -9.14571 20.313
-12.0129 -9.03656 20.3231
-12.0906 -8.92706 20.3325
-12.1675 -8.81761 20.3403
-12.2434 -8.7077 20.3477
-12.3183 -8.59728 20.3548
-12.3924 -8.48703 20.3601
-12.4656 -8.37629 20.3651
-12.5378 -8.26506 20.3698
-12.609 -8.15341 20.3741
-12.6794 -8.04185 20.3767
-12.7488 -7.92982 20.3791
-12.8173 -7.81725 20.3814
-12.8848 -7.70415 20.3835
-12.9513 -7.59064 20.3853
-13.0171 -7.47727 20.3854
-13.0818 -7.36338 20.3854
-13.1455 -7.2489 20.3855
-13.2083 -7.1339 20.3855
-13.27 -7.01835 20.3855
-13.3308 -6.90228 20.3855
-13.3905 -6.78568 20.3855
-13.4492 -6.66857 20.3855
-13.5069 -6.55095 20.3855
-13.5635 -6.43282 20.3856
-13.6192 -6.31423 20.3855
-13.6737 -6.19513 20.3856
-13.7272 -6.07548 20.3858
-13.7797 -5.95525 20.3863
-13.831 -5.83439 20.3872
-13.8811 -5.71295 20.3884
-13.9302 -5.59093 20.39
-13.9781 -5.46834 20.392
-14.0249 -5.3452 20.3943
-14.0706 -5.22152 20.3969
-14.1151 -5.09731 20.3999
-14.1584 -4.97256 20.4032
-14.2006 -4.84734 20.4069
-14.2416 -4.7216 20.4109
-14.2811 -4.59475 20.4169
-14.3194 -4.4673 20.4235
-14.3564 -4.33937 20.4305
-14.3923 -4.21097 20.438
-14.4269 -4.08207 20.446
-14.4599 -3.95217 20.4558
-14.4917 -3.82175 20.4663
-14.5222 -3.69088 20.4773
-14.5514 -3.55956 20.4889
-14.579 -3.42728 20.5025
-14.6053 -3.29461 20.5165
-14.6303 -3.16154 20.5312
-14.6537 -3.02765 20.5475
-14.6758 -2.8933 20.5647
-14.6965 -2.75859 20.5825
-14.7155 -2.62307 20.6022
-14.7331 -2.48719 20.6226
-14.7493 -2.35086 20.644
-14.764 -2.21392 20.6669
-14.7772 -2.0767 20.6905
-14.7887 -1.9388 20.716
-14.7989 -1.80066 20.7421
-14.8074 -1.66202 20.7697
-14.8144 -1.52304 20.7984
-14.8199 -1.38364 20.8284
-14.8238 -1.24393 20.8596
-14.8261 -1.10385 20.8922
-14.8268 -0.963499 20.9259
-14.8259 -0.822792 20.9611
-14.8236 -0.681918 20.9973
-14.8195 -0.540689 21.0351
-14.8139 -0.39933 21.0739
-14.8067 -0.25771 21.1143
-14.7979 -0.115945 21.1559
-14.7875 0.0259171 21.1986
-14.7755 0.167986 21.2429
-14.7619 0.310096 21.2883
-14.7467 0.452304 21.3352
-14.7299 0.59456 21.3834
-14.7115 0.736774 21.4327
-14.6916 0.878998 21.4833
-14.67 1.02125 21.5355
-14.6469 1.1634 21.5888
-14.6222 1.30543 21.6434
-14.596 1.44737 21.6993
-14.5682 1.58917 21.7564
-14.5389 1.73078 21.8149
-14.508 1.87218 21.8745
-14.4756 2.01338 21.9354
-14.4417 2.15434 21.9977
-14.4063 2.29502 22.0611
-14.3694 2.43538 22.1258
-14.3311 2.57541 22.1916
-14.2913 2.71508 22.2586
-14.25 2.85439 22.3269
-14.2073 2.99328 22.3963
-14.1632 3.13175 22.4669
-14.1177 3.26974 22.5385
-14.0709 3.40726 22.6113
-14.0227 3.54428 22.6852
-13.9731 3.68077 22.7601
-13.9222 3.81671 22.8362
-13.87 3.95209 22.9133
-13.8166 4.08686 22.9914
-13.7619 4.22104 23.0706
-13.7059 4.35457 23.1508
-13.6487 4.48744 23.2318
-13.5904 4.61963 23.3137
-13.5309 4.75114 23.3966
-13.4702 4.88194 23.4804
-13.4084 5.01203 23.5651
-13.3455 5.14137 23.6506
-13.2816 5.26995 23.7369
-13.2166 5.39774 23.824
-13.1505 5.52476 23.9118
-13.0835 5.65098 24.0004
-13.0155 5.7764 24.0897
-12.9466 5.90098 24.1795
-12.8767 6.02472 24.27
-12.806 6.14763 24.3612
-12.7343 6.2697 24.4529
-12.6618 6.39089 24.5451
-12.5886 6.51122 24.6378
-12.5145 6.63068 24.731
-12.4396 6.74926 24.8247
-12.364 6.86695 24.9186
-12.2877 6.98376 25.0129
-12.2107 7.09969 25.1077
-12.133 7.21471 25.2025
-12.0547 7.32885 25.2977
-11.9757 7.4421 25.393
-11.8962 7.55445 25.4884
-11.8161 7.66592 25.5841
-11.7354 7.77649 25.6797
-11.6543 7.88619 25.7753
-11.5726 7.99501 25.8709
-11.4904 8.10295 25.9664
-11.4078 8.21002 26.0618
-11.3247 8.31624 26.157
-11.2412 8.4216 26.2519
-11.1573 8.52612 26.3467
-11.073 8.6298 26.441
-10.9884 8.73266 26.535
-10.9034 8.83469 26.6285
-10.8181 8.93593 26.7215
-10.7324 9.03638 26.8141
-10.6465 9.13604 26.906
-10.5602 9.23495 26.9972
-10.4737 9.33309 27.0877
-10.3869 9.4305 27.1774
-10.2999 9.5272 27.2663
-10.2126 9.62318 27.3543
-10.1251 9.71847 27.4413
-10.0374 9.8131 27.5273
-9.9495 9.90706 27.6122
-9.86136 10.0004 27.696
-9.77303 10.0931 27.7785
-9.6845 10.1852 27.8597
-9.59579 10.2767 27.9396
-9.5069 10.3677 28.018
-9.41781 10.4581 28.095
-9.32855 10.548 28.1703
-9.23911 10.6374 28.2441
-9.14951 10.7263 28.316
-9.05971 10.8147 28.3862
-8.96976 10.9027 28.4545
-8.8796 10.9903 28.5209
-8.78929 11.0774 28.5852
-8.69877 11.1642 28.6475
-8.60808 11.2507 28.7075
-8.51719 11.3368 28.7653
-8.42612 11.4226 28.8206
-8.33484 11.508 28.8736
-8.24336 11.5933 28.924
-8.15166 11.6782 28.9718
-8.05977 11.763 29.0168
-7.96763 11.8475 29.0592
-7.8753 11.9319 29.0985
-7.7827 12.016 29.135
-7.68989 12.1001 29.1682
-7.59682 12.184 29.1985
-7.50352 12.2679 29.2253
-7.40993 12.3516 29.249
-7.31616 12.4354 29.2688
-7.22204 12.519 29.2856
-7.12771 12.6027 29.2984
-7.03308 12.6864 29.3076
-6.93816 12.77 29.3131
-6.84301 12.8538 29.3143
-6.74755 12.9376 29.3119
-6.65186 13.0216 29.305
-6.55586 13.1056 29.2942
-6.45962 13.1897 29.2789
-6.36307 13.274 29.2595
-6.26631 13.3585 29.2353
-6.16931 13.4432 29.2066
-6.07196 13.528 29.1737
-5.97447 13.6131 29.1357
-5.87673 13.6985 29.0932
-5.77874 13.784 29.0459
-5.68052 13.8697 28.9941
-5.58217 13.9558 28.937
-5.48363 14.0421 28.8752
-5.38486 14.1286 28.8088
-5.28603 14.2156 28.7372
-5.18702 14.3027 28.661
-5.08787 14.3901 28.5799
-4.98866 14.4778 28.4941
-4.88932 14.5657 28.4036
-4.78991 14.6539 28.3086
-4.69051 14.7424 28.2087
-4.59105 14.8311 28.1045
-4.49148 14.9199 27.9964
-4.39196 15.009 27.8837
-4.29238 15.0982 27.7674
-4.19285 15.1876 27.6468
-4.09334 15.2772 27.5226
-3.99376 15.3667 27.3951
-3.89418 15.4562 27.2643
-3.79467 15.5459 27.1302
-3.69506 15.6354 26.9934
-3.59553 15.7251 26.8537
-3.49588 15.8144 26.7117
-3.39625 15.9037 26.5674
-3.29664 15.9929 26.4207
-3.19688 16.0818 26.2724
-3.09704 16.1704 26.1224
-2.9971 16.2588 25.971
-2.89706 16.3468 25.8181
-2.79684 16.4344 25.6643
-2.69651 16.5217 25.5094
-2.5959 16.6083 25.3539
-2.49505 16.6945 25.198
-2.39391 16.78 25.0416
-2.2925 16.865 24.8851
-2.1908 16.9493 24.7282
-2.08868 17.0329 24.5717
-1.98622 17.1157 24.4152
-1.88333 17.1978 24.259
-1.77994 17.2788 24.1035
-1.67609 17.3591 23.9484
-1.5717 17.4383 23.794
-1.46669 17.5165 23.6407
-1.36109 17.5935 23.4881
-1.25495 17.6696 23.3364
-1.14819 17.7445 23.1857
-1.0406 17.818 23.0365
-0.932352 17.8902 22.8884
-0.823349 17.9611 22.7417
-0.713644 18.0306 22.5962
-0.60303 18.0985 22.4524
-0.491682 18.165 22.31
-0.379386 18.2298 22.1694
-0.2663 18.293 22.0302
-0.152264 18.3543 21.8929
-0.0372636 18.4138 21.7574
0.0785896 18.4716 21.6236
0.195437 18.5273 21.4918
0.31326 18.581 21.3619
0.432002 18.6329 21.2338
0.551732 18.6825 21.1076
0.672493 18.7299 20.9836
0.794289 18.775 20.8618
0.917109 18.8178 20.7421
1.04085 18.8584 20.6242
1.16573 18.8962 20.5089
1.29153 18.9318 20.3955
1.41826 18.965 20.2842
1.54611 18.9953 20.1754
1.67488 19.0231 20.0687
1.80455 19.0485 19.9641
1.93531 19.0707 19.8622
2.06695 19.0903 19.7623
2.19938 19.1075 19.6645
2.33286 19.1214 19.5693
2.46718 19.1325 19.4765
2.60222 19.1411 19.3856
2.73825 19.1461 19.2975
2.87489 19.1489 19.2112
3.01238 19.1484 19.1275
3.15051 19.1451 19.046
3.28937 19.1388 18.9669
3.42883 19.1296 18.8899
3.56887 19.1176 18.8151
3.70946 19.1027 18.7426
3.85059 19.0848 18.6723
3.99219 19.064 18.6043
4.13426 19.0402 18.5386
4.27661 19.014 18.4747
4.41937 18.9847 18.4131
4.56245 18.9525 18.3537
4.70578 18.9176 18.2964
4.8493 18.8802 18.241
4.99301 18.8399 18.1877
5.13679 18.7974 18.1361
5.28071 18.7519 18.0867
5.42468 18.7038 18.0393
5.56863 18.6534 17.9937
5.71256 18.6004 17.95
5.85639 18.545 17.908
6.00009 18.4876 17.8677
6.14366 18.4275 17.8293
6.28701 18.3654 17.7925
6.43015 18.3008 17.7574
6.57301 18.2342 17.7239
6.71559 18.1655 17.692
6.85783 18.0947 17.6617
6.99971 18.0218 17.6329
7.1412 17.9471 17.6055
7.28227 17.8702 17.5797
7.42288 17.7916 17.5552
7.56301 17.7112 17.532
7.70264 17.6289 17.5102
7.84175 17.5451 17.4896
7.98028 17.4593 17.4705
8.11826 17.3722 17.4523
8.25563 17.2833 17.4354
8.39237 17.1929 17.4197
8.52845 17.1007 17.4052
8.66388 17.0073 17.3916
8.79863 16.9123 17.3791
8.9327 16.8162 17.3675
9.06603 16.7183 17.3572
9.19864 16.6191 17.3477
9.3305 16.5188 17.3391
9.4616 16.4172 17.3312
9.59189 16.3143 17.3244
9.72145 16.2103 17.3183
9.85017 16.1049 17.3132
9.97811 15.9986 17.3087
10.1052 15.8911 17.3049
10.2314 15.7825 17.3019
10.3568 15.6726 17.2997
10.4814 15.5619 17.298
10.6051 15.4504 17.2968
10.7279 15.3376 17.2965
10.8498 15.2239 17.2967
10.9708 15.1093 17.2974
11.091 14.9939 17.2986
11.2102 14.8774 17.3004
11.3285 14.7602 17.3026
11.446 14.6422 17.3052
11.5625 14.5233 17.3084
11.678 14.4035 17.3119
11.7927 14.283 17.3159
11.9064 14.1619 17.32
12.0191 14.0399 17.3247
12.1309 13.9172 17.3296
12.2418 13.7938 17.3348
12.3518 13.67 17.3402
12.4607 13.5451 17.346
12.5688 13.4198 17.352
12.6759 13.2938 17.3581
12.782 13.1673 17.3644
12.8872 13.0401 17.3709
12.9914 12.9126 17.3773
13.0947 12.7842 17.3843
13.197 12.6555 17.391
13.2984 12.5262 17.3979
13.3988 12.3962 17.405
13.4983 12.2662 17.4116
13.5968 12.1353 17.4189
13.6944 12.0041 17.4258
13.7911 11.8726 17.4326
13.8867 11.7402 17.4398
13.9815 11.6078 17.4466
14.0752 11.4749 17.4532
14.1682 11.3416 17.46
14.2601 11.2078 17.4666
14.3512 11.074 17.4728
14.4413 10.9398 17.4787
14.5305 10.8049 17.4851
14.6188 10.6699 17.4909
14.7061 10.5345 17.4966
14.7927 10.3991 17.5016
14.8783 10.2634 17.5064
14.963 10.1271 17.5115
15.0469 9.99064 17.5162
15.1298 9.85395 17.5205
15.2119 9.71707 17.5243
15.2933 9.58021 17.5275
15.3738 9.44313 17.5304
15.4533 9.3057 17.5329
15.5322 9.16827 17.5349
15.6102 9.03062 17.5364
15.6873 8.89279 17.5376
15.7638 8.75494 17.5381
15.8393 8.61673 17.5384
7.49831 12.011 -12.0088
7.60284 11.9452 -12.0087
7.70678 11.8784 -12.0084
7.81014 11.8108 -12.0079
7.91291 11.7422 -12.0072
8.01508 11.6729 -12.0063
8.11663 11.6026 -12.0051
8.21757 11.5315 -12.0039
8.31789 11.4596 -12.0024
8.41757 11.3868 -12.0006
8.51662 11.3131 -11.9987
8.61503 11.2387 -11.9966
8.71279 11.1634 -11.9942
8.80988 11.0872 -11.9923
8.90631 11.0101 -11.9904
9.00207 10.9323 -11.9881
9.09715 10.8536 -11.9858
9.19154 10.7741 -11.9834
9.28524 10.6938 -11.9813
9.37823 10.6126 -11.9793
9.47051 10.5307 -11.977
9.56208 10.4479 -11.9748
9.65292 10.3643 -11.973
9.74303 10.28 -11.9711
9.8324 10.1948 -11.9691
9.92102 10.1088 -11.9676
10.0089 10.0221 -11.9661
10.096 9.93453 -11.9646
10.1823 9.84617 -11.9636
10.2679 9.75708 -11.9626
10.3527 9.66721 -11.9618
10.4366 9.57655 -11.9614
10.5198 9.48517 -11.961
10.6022 9.39297 -11.9612
10.6838 9.30007 -11.9614
10.7645 9.20639 -11.9621
10.8444 9.11199 -11.963
10.9234 9.01684 -11.9643
11.0017 8.92097 -11.9659
11.079 8.82435 -11.968
11.1555 8.72702 -11.9703
11.2311 8.62897 -11.9732
11.3059 8.53023 -11.9764
11.3797 8.43075 -11.9803
11.4527 8.33061 -11.9844
11.5248 8.22975 -11.9891
11.5959 8.12821 -11.9943
11.6662 8.026 -12
11.7355 7.9231 -12.0064
11.8039 7.81955 -12.0131
11.8713 7.71532 -12.0206
11.9378 7.61045 -12.0287
12.0033 7.50494 -12.0373
12.0679 7.39879 -12.0465
12.1315 7.29199 -12.0566
12.1941 7.18458 -12.0673
12.2558 7.07656 -12.0785
12.3164 6.96793 -12.0906
12.3761 6.85869 -12.1034
12.4347 6.74887 -12.117
12.4924 6.63848 -12.1312
12.549 6.52749 -12.1464
12.6046 6.41595 -12.1623
12.6591 6.30385 -12.1791
12.7126 6.1912 -12.1968
12.7651 6.07803 -12.2152
12.8165 5.96434 -12.2345
12.8669 5.85011 -12.2549
12.9161 5.73538 -12.2761
12.9644 5.62016 -12.2983
13.0115 5.50446 -12.3214
13.0576 5.38828 -12.3456
13.1026 5.27164 -12.3707
13.1465 5.15455 -12.3969
13.1893 5.03702 -12.4241
13.231 4.91907 -12.4524
13.2716 4.8007 -12.4817
13.3111 4.68193 -12.5121
13.3494 4.56277 -12.5437
13.3867 4.44323 -12.5764
13.4229 4.32333 -12.6103
13.4579 4.20308 -12.6453
13.4919 4.08249 -12.6815
13.5247 3.96158 -12.719
13.5564 3.84036 -12.7577
13.587 3.71885 -12.7976
13.6164 3.59706 -12.8387
13.6448 3.47501 -12.8811
13.672 3.3527 -12.9249
13.6981 3.23016 -12.9699
13.7231 3.1074 -13.0161
13.747 2.98444 -13.0637
13.7697 2.8613 -13.1126
13.7914 2.73797 -13.1629
13.812 2.61449 -13.2146
13.8314 2.49087 -13.2676
13.8498 2.36712 -13.322
13.8671 2.24327 -13.3777
13.8834 2.11933 -13.4347
13.8985 1.99531 -13.4931
13.9126 1.87122 -13.5531
13.9256 1.7471 -13.6143
13.9376 1.62294 -13.6768
13.9486 1.49878 -13.7408
13.9585 1.37462 -13.8062
13.9674 1.25047 -13.8729
13.9753 1.12637 -13.941
13.9822 1.00231 -14.0103
13.9881 0.878319 -14.0811
13.9931 0.75441 -14.1531
13.9971 0.630591 -14.2266
14.0001 0.506887 -14.3012
14.0022 0.3833 -14.3773
14.0034 0.259852 -14.4545
14.0037 0.136554 -14.5328
14.0032 0.0134136 -14.6127
14.0017 -0.109551 -14.6936
13.9994 -0.23233 -14.7756
13.9962 -0.354914 -14.8589
13.9922 -0.47729 -14.9432
13.9874 -0.599451 -15.0286
13.9818 -0.721386 -15.1151
13.9754 -0.843086 -15.2026
13.9682 -0.964544 -15.291
13.9603 -1.08575 -15.3805
13.9517 -1.2067 -15.4708
13.9423 -1.32739 -15.562
13.9322 -1.44781 -15.6541
13.9214 -1.56796 -15.747
13.9099 -1.68783 -15.8406
13.8977 -1.80742 -15.9349
13.8849 -1.92673 -16.0297
13.8714 -2.04575 -16.1253
13.8573 -2.16449 -16.2213
13.8425 -2.28294 -16.3178
13.8271 -2.4011 -16.4148
13.8111 -2.51898 -16.5121
13.7945 -2.63657 -16.6098
13.7773 -2.75388 -16.7077
13.7595 -2.8709 -16.8058
13.741 -2.98765 -16.904
13.722 -3.10413 -17.0023
13.7024 -3.22034 -17.1004
13.6822 -3.33627 -17.1987
13.6613 -3.45194 -17.2967
13.6399 -3.56736 -17.3944
13.6178 -3.68254 -17.4917
13.5951 -3.79746 -17.5888
13.5718 -3.91214 -17.6853
13.5479 -4.02659 -17.7813
13.5233 -4.14082 -17.8766
13.498 -4.25482 -17.9712
13.472 -4.36861 -18.0648
13.4453 -4.48218 -18.1577
13.4179 -4.59556 -18.2493
13.3898 -4.70874 -18.3399
13.3608 -4.82173 -18.4291
13.331 -4.93453 -18.5171
13.3005 -5.04715 -18.6037
13.269 -5.15959 -18.6887
13.2366 -5.27184 -18.7721
13.2034 -5.38393 -18.8536
13.1691 -5.49584 -18.9333
13.1338 -5.60758 -19.011
13.0975 -5.71913 -19.0868
13.0601 -5.83051 -19.1602
13.0216 -5.94171 -19.2314
12.9819 -6.05272 -19.3002
12.9411 -6.16353 -19.3666
12.899 -6.27414 -19.4305
12.8556 -6.38454 -19.4918
12.8109 -6.49472 -19.5504
12.7649 -6.60465 -19.6062
12.7176 -6.71434 -19.6594
12.6688 -6.82376 -19.7095
12.6186 -6.9329 -19.7569
12.5669 -7.04174 -19.8012
12.5137 -7.15026 -19.8428
12.4591 -7.25843 -19.8814
12.403 -7.36625 -19.9169
12.3454 -7.47368 -19.9496
12.2862 -7.5807 -19.9793
12.2255 -7.6873 -20.0061
12.1632 -7.79344 -20.03
12.0995 -7.8991 -20.0512
12.0342 -8.00427 -20.0694
11.9673 -8.10891 -20.085
11.8991 -8.21299 -20.098
11.8292 -8.31651 -20.108
11.7579 -8.41943 -20.1157
11.6852 -8.52173 -20.1208
11.611 -8.62339 -20.1236
11.5353 -8.72439 -20.1238
11.4583 -8.8247 -20.1219
11.3799 -8.92431 -20.1177
11.3002 -9.0232 -20.1112
11.2191 -9.12134 -20.1028
11.1367 -9.21871 -20.0922
11.053 -9.31531 -20.0798
10.9681 -9.41112 -20.0654
10.8819 -9.50611 -20.0493
10.7946 -9.60027 -20.0313
10.7061 -9.69359 -20.0117
10.6164 -9.78605 -19.9906
10.5257 -9.87764 -19.9678
10.4338 -9.96836 -19.9437
10.3409 -10.0582 -19.918
10.247 -10.1471 -19.891
10.152 -10.2351 -19.8627
10.0561 -10.3222 -19.8332
9.9592 -10.4083 -19.8024
9.86141 -10.4935 -19.7706
9.76268 -10.5777 -19.7376
9.6631 -10.661 -19.7037
9.56265 -10.7433 -19.6687
9.46138 -10.8247 -19.6329
9.35928 -10.9051 -19.5961
9.25642 -10.9845 -19.5585
9.15279 -11.0628 -19.5201
9.04842 -11.1403 -19.4809
8.94333 -11.2167 -19.4411
8.83754 -11.2921 -19.4006
8.73108 -11.3665 -19.3594
8.62396 -11.4399 -19.3177
8.5162 -11.5123 -19.2754
8.40783 -11.5836 -19.2327
8.29885 -11.654 -19.1894
8.18929 -11.7233 -19.1457
8.07916 -11.7916 -19.1016
7.9685 -11.8589 -19.0571
7.8573 -11.9252 -19.0123
7.74559 -11.9905 -18.9672
7.63338 -12.0547 -18.9219
7.52068 -12.1179 -18.8762
7.40753 -12.1801 -18.8304
7.29392 -12.2412 -18.7844
7.17987 -12.3013 -18.7382
7.0654 -12.3604 -18.6919
6.95052 -12.4185 -18.6456
6.83524 -12.4755 -18.5991
6.71958 -12.5315 -18.5526
6.60354 -12.5865 -18.5061
6.48715 -12.6405 -18.4596
6.37041 -12.6934 -18.4132
6.25333 -12.7454 -18.3668
6.13593 -12.7962 -18.3205
6.01822 -12.8461 -18.2743
5.9002 -12.8949 -18.2283
5.78189 -12.9428 -18.1824
5.6633 -12.9896 -18.1367
5.54444 -13.0353 -18.0912
5.42531 -13.0801 -18.0459
5.30594 -13.1238 -18.0009
5.18631 -13.1665 -17.9561
5.06646 -13.2082 -17.9117
4.94638 -13.2489 -17.8676
4.82607 -13.2885 -17.8237
4.70556 -13.3272 -17.7803
4.58485 -13.3648 -17.7372
4.46395 -13.4014 -17.6945
4.34286 -13.437 -17.6522
4.22158 -13.4715 -17.6103
4.10015 -13.5051 -17.5689
3.97855 -13.5376 -17.528
3.85679 -13.5691 -17.4875
3.73488 -13.5996 -17.4476
3.61283 -13.6291 -17.4081
3.49065 -13.6576 -17.3693
3.36834 -13.685 -17.3309
3.24591 -13.7114 -17.293
3.12337 -13.7369 -17.2559
3.00072 -13.7613 -17.2193
2.87796 -13.7846 -17.1832
2.75511 -13.807 -17.1478
2.63218 -13.8283 -17.1131
2.50916 -13.8487 -17.079
2.38607 -13.868 -17.0455
2.2629 -13.8863 -17.0127
2.13968 -13.9036 -16.9806
2.0164 -13.9198 -16.9492
1.89307 -13.935 -16.9186
1.7697 -13.9493 -16.8886
1.64629 -13.9625 -16.8594
1.52284 -13.9746 -16.8309
1.39938 -13.9858 -16.8031
1.27589 -13.9959 -16.7761
1.1524 -14.005 -16.7498
1.0289 -14.0131 -16.7243
0.9054 -14.0201 -16.6996
0.78191 -14.0262 -16.6757
0.658435 -14.0312 -16.6525
0.53498 -14.0352 -16.6302
0.411552 -14.0381 -16.6085
0.288161 -14.0401 -16.5878
0.164809 -14.041 -16.5677
0.0415093 -14.0408 -16.5486
-0.0817373 -14.0397 -16.5302
-0.204921 -14.0375 -16.5126
-0.328037 -14.0343 -16.4958
-0.451078 -14.0301 -16.4798
-0.574033 -14.0248 -16.4646
-0.696896 -14.0185 -16.4502
-0.819663 -14.0112 -16.4366
-0.942326 -14.0028 -16.4238
-1.06488 -13.9935 -16.4117
-1.18731 -13.9831 -16.4005
-1.30961 -13.9716 -16.39
-1.43178 -13.9592 -16.3801
-1.55381 -13.9457 -16.3712
-1.67568 -13.9312 -16.363
-1.7974 -13.9156 -16.3554
-1.91896 -13.8991 -16.3486
-2.04034 -13.8815 -16.3426
-2.16155 -13.8629 -16.3371
-2.28256 -13.8433 -16.3325
-2.40338 -13.8226 -16.3285
-2.524 -13.8009 -16.3251
-2.6444 -13.7783 -16.3225
-2.76459 -13.7545 -16.3202
-2.88454 -13.7298 -16.3189
-3.00427 -13.7041 -16.3179
-3.12375 -13.6773 -16.3177
-3.24298 -13.6496 -16.3179
-3.36196 -13.6208 -16.3187
-3.48066 -13.591 -16.3199
-3.5991 -13.5602 -16.3217
-3.71725 -13.5284 -16.3238
-3.83511 -13.4956 -16.3266
-3.95268 -13.4617 -16.3294
-4.06993 -13.4269 -16.3332
-4.18688 -13.3911 -16.3368
-4.3035 -13.3543 -16.3411
-4.41979 -13.3165 -16.3456
-4.53575 -13.2776 -16.35
-4.65135 -13.2378 -16.3554
-4.76661 -13.197 -16.3605
-4.88151 -13.1552 -16.3657
-4.99603 -13.1125 -16.3715
-5.11018 -13.0687 -16.3772
-5.22395 -13.0239 -16.3826
-5.33731 -12.9782 -16.3889
-5.45028 -12.9315 -16.3949
-5.56284 -12.8837 -16.4006
-5.67498 -12.835 -16.4062
-5.78669 -12.7854 -16.4124
-5.89797 -12.7347 -16.4183
-6.00881 -12.6831 -16.4238
-6.1192 -12.6305 -16.429
-6.22914 -12.5769 -16.4339
-6.3386 -12.5224 -16.4395
-6.44758 -12.467 -16.4446
-6.55609 -12.4105 -16.4492
-6.6641 -12.3531 -16.4534
-6.77162 -12.2947 -16.4571
-6.87862 -12.2353 -16.4603
-6.98511 -12.175 -16.463
-7.09108 -12.1137 -16.4652
-7.19651 -12.0515 -16.4669
-7.30139 -11.9883 -16.4681
-7.40573 -11.9242 -16.4689
-7.5095 -11.8591 -16.4691
-7.61271 -11.7931 -16.4687
-7.71533 -11.7261 -16.4677
-7.81737 -11.6582 -16.4658
-7.91882 -11.5894 -16.4632
-8.01966 -11.5197 -16.4599
-8.11988 -11.449 -16.4559
-8.21949 -11.3774 -16.4511
-8.31846 -11.3049 -16.4457
-8.4168 -11.2315 -16.4394
-8.51448 -11.1572 -16.4325
-8.61151 -11.082 -16.4248
-8.70787 -11.0059 -16.4164
-8.80356 -10.9289 -16.4063
-8.89857 -10.851 -16.3952
-8.99288 -10.7722 -16.3834
-9.08649 -10.6926 -16.3708
-9.1794 -10.6121 -16.3573
-9.27158 -10.5307 -16.3421
-9.36304 -10.4485 -16.326
-9.45377 -10.3655 -16.3091
-9.54375 -10.2816 -16.2913
-9.63299 -10.1968 -16.2718
-9.72146 -10.1113 -16.2515
-9.80918 -10.025 -16.2303
-9.89612 -9.93782 -16.2075
-9.98228 -9.84988 -16.1837
-10.0677 -9.76118 -16.1591
-10.1522 -9.67169 -16.1328
-10.236 -9.58144 -16.1054
-10.319 -9.49046 -16.077
-10.4012 -9.39872 -16.0472
-10.4825 -9.30628 -16.0164
-10.563 -9.21311 -15.9841
-10.6427 -9.11925 -15.9508
-10.7216 -9.02469 -15.9162
-10.7996 -8.92946 -15.8804
-10.8768 -8.83357 -15.8433
-10.9531 -8.73702 -15.8051
-11.0286 -8.63984 -15.7655
-11.1032 -8.54204 -15.7247
-11.177 -8.44363 -15.6826
-11.2499 -8.34462 -15.6394
-11.3219 -8.24503 -15.5947
-11.3931 -8.14487 -15.549
-11.4634 -8.04416 -15.5019
-11.5329 -7.94292 -15.4536
-11.6015 -7.84115 -15.4042
-11.6692 -7.73887 -15.3533
-11.7361 -7.6361 -15.3013
-11.802 -7.53284 -15.248
-11.8672 -7.42913 -15.1936
-11.9314 -7.32496 -15.138
-11.9948 -7.22036 -15.0812
-12.0573 -7.11535 -15.023
-12.119 -7.00992 -14.9636
-12.1798 -6.90411 -14.9031
-12.2397 -6.79793 -14.8415
-12.2988 -6.69138 -14.7787
-12.3571 -6.58449 -14.7147
-12.4145 -6.47727 -14.6495
-12.4711 -6.36974 -14.5832
-12.5268 -6.2619 -14.5157
-12.5817 -6.15378 -14.447
-12.6358 -6.04538 -14.3773
-12.689 -5.93673 -14.3065
-12.7415 -5.82783 -14.2346
-12.7931 -5.7187 -14.1615
-12.844 -5.60935 -14.0874
-12.8941 -5.49979 -14.0122
-12.9433 -5.39004 -13.9359
-12.9918 -5.28011 -13.8587
-13.0396 -5.17002 -13.7804
-13.0866 -5.05976 -13.7011
-13.1328 -4.94937 -13.6207
-13.1783 -4.83884 -13.5394
-13.223 -4.72818 -13.4571
-13.2671 -4.61742 -13.3738
-13.3104 -4.50656 -13.2895
-13.353 -4.3956 -13.2044
-13.3949 -4.28456 -13.1185
-13.4362 -4.17345 -13.0315
-13.4768 -4.06227 -12.9437
-13.5167 -3.95104 -12.855
-13.5559 -3.83977 -12.7654
-13.5945 -3.72845 -12.6749
-13.6325 -3.61709 -12.5838
-13.6699 -3.50571 -12.4918
-13.7066 -3.39431 -12.399
-13.7428 -3.2829 -12.3054
-13.7784 -3.17147 -12.2111
-13.8133 -3.06004 -12.1161
-13.8478 -2.94861 -12.0203
-13.8816 -2.83719 -11.9238
-13.915 -2.72576 -11.8267
-13.9478 -2.61435 -11.729
-13.98 -2.50295 -11.6305
-14.0118 -2.39157 -11.5314
-14.043 -2.28019 -11.4319
-14.0738 -2.16884 -11.3317
-14.1041 -2.05751 -11.2308
-14.1339 -1.94618 -11.1296
-14.1632 -1.83487 -11.0278
-14.1921 -1.72358 -10.9255
-14.2205 -1.6123 -10.8228
-14.2485 -1.50104 -10.7195
-14.276 -1.38978 -10.6159
-14.3032 -1.27852 -10.5119
-14.3299 -1.16727 -10.4075
-14.3562 -1.05601 -10.3028
-14.3821 -0.944752 -10.1977
-14.4076 -0.833484 -10.0923
-14.4327 -0.72219 -9.98674
-14.4574 -0.610887 -9.88081
-14.4817 -0.499542 -9.77474
-14.5057 -0.388168 -9.66844
-14.5292 -0.276751 -9.56198
-14.5524 -0.165285 -9.45537
-14.5753 -0.0537664 -9.34862
-14.5977 0.0578219 -9.24182
-14.6198 0.169477 -9.13492
-14.6415 0.281227 -9.02807
-14.6628 0.393061 -8.92117
-14.6837 0.504997 -8.81433
-14.7042 0.617043 -8.70754
-14.7244 0.729206 -8.60082
-14.7442 0.841506 -8.49427
-14.7635 0.953946 -8.38788
-14.7825 1.06653 -8.28166
-14.801 1.17928 -8.17567
-14.8191 1.29221 -8.06998
-14.8367 1.40532 -7.96457
-14.8539 1.51863 -7.8595
-14.8707 1.63214 -7.75478
-14.8869 1.74588 -7.65053
-14.9027 1.85983 -7.54666
-14.918 1.97403 -7.4433
-14.9327 2.08849 -7.34051
-14.9468 2.2032 -7.23826
-14.9604 2.31819 -7.13663
-14.9734 2.43346 -7.03562
-14.9858 2.54903 -6.93535
-14.9975 2.66489 -6.8358
-15.0085 2.78108 -6.73705
-15.0188 2.89759 -6.63918
-15.0284 3.01442 -6.54212
-15.0372 3.13161 -6.44605
-15.0452 3.24913 -6.35094
-15.0523 3.36703 -6.25693
-15.0586 3.48527 -6.16392
-15.0639 3.60389 -6.07214
-15.0683 3.72287 -5.98145
-15.0717 3.84225 -5.89217
-15.074 3.962 -5.80406
-15.0751 4.08214 -5.71747
-15.0752 4.20265 -5.63216
-15.074 4.32357 -5.54851
-15.0716 4.44486 -5.46633
-15.0678 4.56654 -5.38584
-15.0626 4.68859 -5.30702
-15.056 4.81102 -5.22996
-15.0479 4.93382 -5.15481
-15.0383 5.05696 -5.08147
-15.027 5.18047 -5.01018
-15.014 5.3043 -4.94088
-14.9992 5.42847 -4.8738
-14.9827 5.55293 -4.80885
-14.9641 5.6777 -4.74629
-14.9437 5.80271 -4.68595
-14.9212 5.92799 -4.62816
-14.8966 6.05348 -4.5728
-14.8699 6.17916 -4.52001
-14.8408 6.30502 -4.46998
-14.8095 6.431 -4.42249
-14.7758 6.55709 -4.37801
-14.7396 6.68323 -4.33624
-14.701 6.8094 -4.29748
-14.6598 6.93555 -4.26163
-14.616 7.06163 -4.22879
-14.5695 7.18762 -4.19916
-14.5204 7.31344 -4.17243
-14.4685 7.43907 -4.14914
-14.4139 7.56443 -4.12882
-14.3564 7.6895 -4.11185
-14.2962 7.8142 -4.09805
-14.2332 7.93849 -4.08743
-14.1673 8.06231 -4.08016
-14.0987 8.1856 -4.07586
-14.0272 8.30832 -4.0751
-13.953 8.43041 -4.07723
-13.8759 8.55181 -4.08268
-13.7962 8.67247 -4.09115
-13.7138 8.79234 -4.10264
-13.6287 8.91137 -4.11725
-13.5411 9.02951 -4.13459
-13.4509 9.1467 -4.15502
-13.3583 9.26292 -4.17803
-13.2632 9.37811 -4.20401
-13.1658 9.49223 -4.23245
-13.066 9.60524 -4.26359
-12.9641 9.71712 -4.29714
-12.8601 9.82781 -4.33314
-12.7539 9.93729 -4.37148
-12.6458 10.0455 -4.41198
-12.5357 10.1525 -4.45481
-12.4239 10.2582 -4.49954
-12.3101 10.3626 -4.54653
-12.1948 10.4656 -4.5952
-12.0777 10.5672 -4.64599
-11.9591 10.6675 -4.69835
-11.8389 10.7664 -4.75261
-11.7174 10.8639 -4.80836
-11.5944 10.96 -4.86583
-11.4702 11.0546 -4.9247
-11.3447 11.1478 -4.98516
-11.218 11.2395 -5.04692
-11.0901 11.3298 -5.11013
-10.9612 11.4186 -5.17451
-10.8312 11.5059 -5.24023
-10.7003 11.5917 -5.30704
-10.5684 11.6761 -5.3751
-10.4357 11.759 -5.44413
-10.3021 11.8404 -5.51429
-10.1678 11.9203 -5.58537
-10.0327 11.9988 -5.65752
-9.89695 12.0757 -5.73049
-9.76052 12.1512 -5.80436
-9.62349 12.2252 -5.87907
-9.48587 12.2977 -5.95457
-9.34774 12.3688 -6.0308
-9.20912 12.4383 -6.10774
-9.07002 12.5065 -6.18542
-8.93054 12.5732 -6.26362
-8.79064 12.6384 -6.3425
-8.6504 12.7022 -6.42193
-8.50984 12.7645 -6.50187
-8.36899 12.8255 -6.58232
-8.22791 12.885 -6.66317
-8.08657 12.9431 -6.74451
-7.94506 12.9998 -6.82616
-7.8034 13.0552 -6.90807
-7.66158 13.1091 -6.99038
-7.51967 13.1618 -7.07286
-7.37768 13.213 -7.15553
-7.2356 13.263 -7.23846
-7.09351 13.3116 -7.32149
-6.95144 13.3589 -7.40448
-6.80936 13.4049 -7.4876
-6.66732 13.4496 -7.5707
-6.52536 13.493 -7.65371
-6.38345 13.5352 -7.73672
-6.24167 13.5762 -7.81948
-6.09999 13.6159 -7.90213
-5.95845 13.6544 -7.98452
-5.81707 13.6917 -8.06664
-5.67586 13.7278 -8.14843
-5.53483 13.7628 -8.22985
-5.39401 13.7966 -8.31088
-5.25339 13.8292 -8.39144
-5.11299 13.8607 -8.47157
-4.97282 13.8911 -8.55119
-4.83289 13.9204 -8.6302
-4.69322 13.9485 -8.70862
-4.55381 13.9756 -8.78638
-4.41466 14.0016 -8.86352
-4.27579 14.0266 -8.93989
-4.13718 14.0505 -9.01559
-3.99888 14.0733 -9.09044
-3.86085 14.0952 -9.16453
-3.7231 14.1159 -9.23781
-3.58567 14.1357 -9.31017
-3.44851 14.1545 -9.38171
-3.31165 14.1722 -9.45235
-3.17511 14.189 -9.52197
-3.03884 14.2047 -9.59074
-2.90289 14.2195 -9.6585
-2.76722 14.2333 -9.72534
-2.63185 14.2461 -9.79116
-2.49678 14.258 -9.85595
-2.36201 14.2689 -9.91972
-2.22753 14.2788 -9.98248
-2.09335 14.2878 -10.0441
-1.95946 14.2958 -10.1048
-1.82586 14.3028 -10.1644
-1.69255 14.3089 -10.2229
-1.55953 14.3141 -10.2803
-1.42681 14.3183 -10.3366
-1.29435 14.3216 -10.392
-1.1622 14.3239 -10.4461
-1.03032 14.3253 -10.4992
-0.898728 14.3257 -10.5512
-0.767406 14.3251 -10.6023
-0.636371 14.3237 -10.6522
-0.505614 14.3213 -10.701
-0.375142 14.3179 -10.7487
-0.244943 14.3136 -10.7954
-0.115025 14.3084 -10.841
0.0146141 14.3022 -10.8856
0.143977 14.2951 -10.9291
0.273069 14.287 -10.9717
0.401867 14.278 -11.0131
0.530389 14.268 -11.0534
0.658626 14.2571 -11.0928
0.78659 14.2453 -11.1312
0.914272 14.2325 -11.1686
1.04166 14.2188 -11.2049
1.16877 14.2041 -11.2404
1.29559 14.1884 -11.2748
1.42212 14.1718 -11.3082
1.54835 14.1543 -11.3406
1.67429 14.1358 -11.3723
1.79993 14.1164 -11.4028
1.92527 14.096 -11.4325
2.05031 14.0746 -11.4613
2.17503 14.0524 -11.4891
2.29945 14.0291 -11.516
2.42357 14.0049 -11.5422
2.54734 13.9798 -11.5673
2.67081 13.9537 -11.5917
2.79395 13.9267 -11.6152
2.91677 13.8987 -11.6379
3.03924 13.8697 -11.6597
3.16137 13.8398 -11.6807
3.28317 13.809 -11.701
3.40462 13.7772 -11.7205
3.52571 13.7445 -11.7391
3.64646 13.7108 -11.7571
3.76683 13.6761 -11.7742
3.88684 13.6406 -11.7907
4.00647 13.604 -11.8063
4.12573 13.5666 -11.8214
4.2446 13.5282 -11.8356
4.36309 13.4888 -11.8492
4.48118 13.4485 -11.8623
4.59886 13.4073 -11.8744
4.71615 13.3651 -11.886
4.83303 13.322 -11.8972
4.94948 13.2779 -11.9074
5.06551 13.2329 -11.9172
5.18112 13.187 -11.9267
5.29628 13.1402 -11.9351
5.411 13.0924 -11.9431
5.52528 13.0437 -11.9507
5.63911 12.9941 -11.9578
5.75246 12.9435 -11.9641
5.86535 12.8921 -11.9699
5.97778 12.8397 -11.9754
6.08972 12.7863 -11.9805
6.20118 12.7321 -11.9852
6.31214 12.677 -11.989
6.4226 12.621 -11.9924
6.53255 12.5641 -11.9956
6.642 12.5062 -11.9984
6.75092 12.4474 -12.0008
6.85932 12.3878 -12.0029
6.96719 12.3272 -12.0047
7.07452 12.2657 -12.0062
7.18131 12.2034 -12.0074
7.28754 12.1402 -12.0082
7.39321 12.076 -12.0086
7.49831 12.011 -12.0088
1.76268
187.559
6
leng1 = 126.586
leng2 = 99.4926
