720
-60 106.57 50
-60 106.572 50.0001
-60 106.576 50.0004
-60 106.584 50.0009
-60 106.595 50.0016
-60 106.609 50.0026
-60 106.627 50.0037
-60 106.647 50.005
-60 106.67 50.0066
-60 106.697 50.0083
-60 106.727 50.0102
-60 106.76 50.0124
-60 106.796 50.0147
-60 106.835 50.0193
-60 106.877 50.0244
-60 106.923 50.0298
-60 106.971 50.0356
-60 107.023 50.0419
-60 107.077 50.0502
-60 107.134 50.0593
-60 107.195 50.0688
-60 107.542 50.1341
-60 108.244 50.3095
-60 109.116 50.5973
-60 110.136 51.0277
-60 111.276 51.6328
-60 112.498 52.4451
-60 113.753 53.4968
-60 114.978 54.8159
-60 116.09 56.421
-60 116.997 58.3109
-60 117.598 60.4576
-60 117.805 62.8004
-60 117.551 65.2503
-60 116.805 67.7016
-60 115.564 70.0421
-60 113.847 72.1553
-60 111.694 73.9189
-60 109.172 75.2009
-60 106.392 75.8788
-60 103.511 75.8815
-60 100.696 75.2395
-60 98.0606 74.0743
-60 95.6486 72.5392
-60 93.449 70.7686
-60 91.4321 68.8646
-60 89.5634 66.9021
-60 87.8127 64.9359
-60 86.155 63.0079
-60 84.5722 61.1509
-60 83.051 59.3916
-60 81.5837 57.7521
-60 80.1678 56.251
-60 78.805 54.9032
-60 77.5005 53.7196
-60 76.265 52.7083
-60 75.1119 51.8723
-60 74.0576 51.2092
-60 73.1211 50.7125
-60 72.3229 50.3676
-60 71.6826 50.1539
-60 71.2179 50.0447
-60 70.9437 50.0076
-60 70.8684 49.9998
-60 70.9939 49.9875
-60 71.3168 49.9374
-60 71.8268 49.8038
-60 72.5085 49.5593
-60 73.3431 49.1781
-60 74.3109 48.6409
-60 75.3917 47.9352
-60 76.5668 47.0553
-60 77.8206 46.0005
-60 79.1404 44.7751
-60 80.5171 43.3874
-60 81.9458 41.8502
-60 83.4259 40.179
-60 84.9617 38.393
-60 86.5618 36.5156
-60 88.2408 34.5746
-60 90.0184 32.6051
-60 91.9211 30.6514
-60 93.9804 28.7728
-60 96.2306 27.0503
-60 98.6986 25.5938
-60 101.386 24.5452
-60 104.231 24.0555
-60 107.103 24.2288
-60 109.832 25.0673
-60 112.27 26.4822
-60 114.319 28.3452
-60 115.92 30.5264
-60 117.039 32.9052
-60 117.66 35.3666
-60 117.795 37.7992
-60 117.482 40.1004
-60 116.795 42.1873
-60 115.828 44.0074
-60 114.679 45.5402
-60 113.44 46.7901
-60 112.187 47.7791
-60 110.981 48.5365
-60 109.868 49.0952
-60 108.883 49.4869
-60 108.052 49.7437
-60 107.394 49.8954
-60 106.923 49.9702
-60 106.647 49.995
-60 106.572 50.0001
