3
1
3
5
0
1
-2.22045e-16 -1 1.22465e-16 0 
-1 2.22045e-16 0 40 
-2.46519e-32 -1.22465e-16 -1 30 
0 0 0 1 
-0.394789 0.764966 0.50889 -2.9051 
0.760513 -0.038701 0.648169 85.4297 
0.515522 0.642907 -0.566488 2.14408 
0 0 0 1 
0.0114758 0.114139 -0.993399 -15.6611 
0.29783 0.947983 0.112361 127.314 
0.95455 -0.297154 -0.0231151 -12.7863 
0 0 0 1 
0.0606393 0.706649 -0.704961 1.56471 
-0.61047 0.585028 0.533918 87.6356 
0.789715 0.397981 0.466864 -49.6833 
0 0 0 1 
-0.24156 0.970386 1.18838e-16 -19.5727 
0.970386 0.24156 2.95825e-17 40 
-2.46519e-32 1.22465e-16 -1 -15.3246 
0 0 0 1 
-2.9051
85.4297
2.14408
-15.6611
127.314
-12.7863
1.56471
87.6356
-49.6833
0.852544
2.6077
1.09436
-1.77369
-1.45583
4.81259
-0.8523
-0.782368
-1.48519
0.243973
-4.5727
14.6754
720
-60 112.234 50
-60 112.236 50.0001
-60 112.24 50.0004
-60 112.248 50.0009
-60 112.259 50.0016
-60 112.273 50.0026
-60 112.291 50.0037
-60 112.311 50.005
-60 112.334 50.0066
-60 112.361 50.0083
-60 112.391 50.0102
-60 112.424 50.0124
-60 112.46 50.0147
-60 112.499 50.0193
-60 112.541 50.0244
-60 112.587 50.0298
-60 112.635 50.0356
-60 112.687 50.0419
-60 112.741 50.0502
-60 112.798 50.0593
-60 112.859 50.0688
-60 112.922 50.079
-60 112.989 50.0915
-60 113.058 50.1046
-60 113.131 50.1182
-60 113.206 50.1341
-60 113.284 50.151
-60 113.365 50.1685
-60 113.448 50.1886
-60 113.535 50.2095
-60 113.624 50.2318
-60 113.716 50.2563
-60 113.811 50.2815
-60 113.908 50.3095
-60 114.008 50.3384
-60 114.111 50.3697
-60 114.216 50.4025
-60 114.324 50.4374
-60 114.435 50.4742
-60 114.547 50.5131
-60 114.662 50.5539
-60 114.78 50.5973
-60 114.9 50.6424
-60 115.022 50.6904
-60 115.146 50.74
-60 115.273 50.7927
-60 115.402 50.8476
-60 115.532 50.9048
-60 115.665 50.9651
-60 115.8 51.0277
-60 115.936 51.0931
-60 116.075 51.1615
-60 116.215 51.2324
-60 116.357 51.3062
-60 116.5 51.3834
-60 116.645 51.4635
-60 116.792 51.5464
-60 116.94 51.6328
-60 117.089 51.7225
-60 117.239 51.8152
-60 117.391 51.9112
-60 117.543 52.0108
-60 117.697 52.1141
-60 117.851 52.2209
-60 118.006 52.3312
-60 118.162 52.4451
-60 118.319 52.5627
-60 118.475 52.6843
-60 118.632 52.8098
-60 118.789 52.9392
-60 118.947 53.0725
-60 119.104 53.2099
-60 119.261 53.3513
-60 119.417 53.4968
-60 119.574 53.6466
-60 119.729 53.8005
-60 119.884 53.9588
-60 120.038 54.1214
-60 120.191 54.2884
-60 120.343 54.4598
-60 120.493 54.6356
-60 120.642 54.8159
-60 120.789 55.0007
-60 120.934 55.19
-60 121.077 55.3839
-60 121.218 55.5823
-60 121.356 55.7852
-60 121.492 55.9926
-60 121.624 56.2045
-60 121.754 56.421
-60 121.881 56.6419
-60 122.004 56.8672
-60 122.124 57.097
-60 122.24 57.3312
-60 122.351 57.5698
-60 122.459 57.8127
-60 122.562 58.0597
-60 122.661 58.3109
-60 122.755 58.566
-60 122.844 58.8252
-60 122.927 59.0884
-60 123.006 59.3552
-60 123.079 59.6257
-60 123.146 59.8996
-60 123.207 60.177
-60 123.262 60.4576
-60 123.311 60.7413
-60 123.354 61.0279
-60 123.39 61.3174
-60 123.42 61.6095
-60 123.442 61.904
-60 123.459 62.2008
-60 123.467 62.4997
-60 123.469 62.8004
-60 123.464 63.1028
-60 123.45 63.4067
-60 123.43 63.712
-60 123.403 64.0184
-60 123.367 64.3256
-60 123.324 64.6334
-60 123.274 64.9418
-60 123.215 65.2503
-60 123.149 65.5589
-60 123.076 65.8674
-60 122.994 66.1754
-60 122.905 66.4828
-60 122.808 66.7893
-60 122.703 67.0948
-60 122.59 67.3991
-60 122.469 67.7016
-60 122.341 68.0027
-60 122.205 68.3016
-60 122.061 68.5984
-60 121.91 68.8928
-60 121.751 69.1846
-60 121.584 69.4736
-60 121.41 69.7593
-60 121.228 70.0421
-60 121.039 70.3209
-60 120.842 70.5963
-60 120.638 70.8673
-60 120.427 71.1345
-60 120.209 71.3968
-60 119.983 71.6548
-60 119.75 71.9075
-60 119.511 72.1553
-60 119.265 72.3973
-60 119.012 72.634
-60 118.752 72.8643
-60 118.486 73.0888
-60 118.213 73.3064
-60 117.934 73.5178
-60 117.649 73.7216
-60 117.358 73.9189
-60 117.061 74.1078
-60 116.759 74.2898
-60 116.451 74.4629
-60 116.138 74.6284
-60 115.819 74.7848
-60 115.496 74.9327
-60 115.168 75.0715
-60 114.836 75.2009
-60 114.5 75.3211
-60 114.16 75.4311
-60 113.816 75.5319
-60 113.469 75.6217
-60 113.12 75.702
-60 112.767 75.7712
-60 112.413 75.8305
-60 112.056 75.8788
-60 111.698 75.9165
-60 111.339 75.9437
-60 110.978 75.9596
-60 110.617 75.9657
-60 110.256 75.96
-60 109.895 75.9445
-60 109.535 75.9181
-60 109.175 75.8815
-60 108.816 75.8349
-60 108.459 75.7778
-60 108.104 75.7116
-60 107.75 75.6349
-60 107.399 75.5496
-60 107.05 75.4548
-60 106.703 75.3513
-60 106.36 75.2395
-60 106.019 75.1192
-60 105.681 74.9915
-60 105.347 74.8555
-60 105.016 74.7128
-60 104.688 74.5628
-60 104.363 74.4062
-60 104.043 74.2434
-60 103.725 74.0743
-60 103.411 73.8998
-60 103.101 73.7195
-60 102.794 73.5343
-60 102.491 73.3439
-60 102.191 73.1491
-60 101.895 72.9497
-60 101.602 72.7465
-60 101.313 72.5392
-60 101.027 72.3283
-60 100.744 72.1141
-60 100.465 71.8965
-60 100.188 71.6763
-60 99.915 71.4528
-60 99.6448 71.2272
-60 99.3777 70.9988
-60 99.1134 70.7686
-60 98.8521 70.5359
-60 98.5934 70.3017
-60 98.3376 70.0655
-60 98.0843 69.828
-60 97.8337 69.5889
-60 97.5855 69.3486
-60 97.3399 69.107
-60 97.0965 68.8646
-60 96.8555 68.6212
-60 96.6167 68.377
-60 96.3802 68.1322
-60 96.1456 67.8868
-60 95.9133 67.641
-60 95.6828 67.3949
-60 95.4545 67.1486
-60 95.2278 66.9021
-60 95.0031 66.6555
-60 94.7802 66.4091
-60 94.559 66.1627
-60 94.3394 65.9166
-60 94.1215 65.6708
-60 93.9052 65.4254
-60 93.6903 65.1804
-60 93.4771 64.9359
-60 93.2652 64.6921
-60 93.0547 64.449
-60 92.8457 64.2065
-60 92.6379 63.9649
-60 92.4314 63.7242
-60 92.2262 63.4844
-60 92.0223 63.2457
-60 91.8194 63.0079
-60 91.6178 62.7713
-60 91.4173 62.5358
-60 91.2179 62.3016
-60 91.0196 62.0687
-60 90.8223 61.8371
-60 90.6261 61.607
-60 90.4308 61.3781
-60 90.2366 61.1509
-60 90.0432 60.9251
-60 89.8508 60.7009
-60 89.6594 60.4784
-60 89.4688 60.2575
-60 89.2791 60.0384
-60 89.0903 59.821
-60 88.9024 59.6053
-60 88.7154 59.3916
-60 88.5291 59.1797
-60 88.3436 58.9697
-60 88.1591 58.7618
-60 87.9753 58.5556
-60 87.7923 58.3516
-60 87.6102 58.1498
-60 87.4288 57.9499
-60 87.2481 57.7521
-60 87.0684 57.5566
-60 86.8895 57.3634
-60 86.7112 57.1721
-60 86.5338 56.9832
-60 86.3573 56.7968
-60 86.1815 56.6126
-60 86.0064 56.4306
-60 85.8322 56.251
-60 85.6589 56.0739
-60 85.4865 55.8993
-60 85.3148 55.727
-60 85.1439 55.5571
-60 84.9739 55.3897
-60 84.8048 55.2249
-60 84.6366 55.0627
-60 84.4694 54.9032
-60 84.303 54.7461
-60 84.1374 54.5915
-60 83.9728 54.4395
-60 83.8092 54.2902
-60 83.6466 54.1435
-60 83.485 53.9995
-60 83.3244 53.8582
-60 83.1649 53.7196
-60 83.0065 53.5837
-60 82.8492 53.4505
-60 82.693 53.3199
-60 82.5379 53.1921
-60 82.384 53.0669
-60 82.2312 52.9447
-60 82.0797 52.8251
-60 81.9294 52.7083
-60 81.7804 52.5941
-60 81.6328 52.4826
-60 81.4865 52.374
-60 81.3415 52.2683
-60 81.198 52.1652
-60 81.0561 52.0648
-60 80.9157 51.9671
-60 80.7763 51.8723
-60 80.6386 51.78
-60 80.5027 51.6902
-60 80.3683 51.6035
-60 80.2357 51.5196
-60 80.1048 51.438
-60 79.9753 51.3591
-60 79.8476 51.283
-60 79.722 51.2092
-60 79.5981 51.1385
-60 79.476 51.0701
-60 79.3559 51.0041
-60 79.2377 50.941
-60 79.1218 50.8799
-60 79.0075 50.8219
-60 78.8955 50.7658
-60 78.7855 50.7125
-60 78.6778 50.6613
-60 78.5722 50.6127
-60 78.469 50.5662
-60 78.368 50.5222
-60 78.2694 50.4801
-60 78.1729 50.4407
-60 78.0792 50.4025
-60 77.9873 50.3676
-60 77.8983 50.3338
-60 77.8116 50.3027
-60 77.7274 50.2733
-60 77.6462 50.2451
-60 77.5672 50.2202
-60 77.4912 50.1962
-60 77.4179 50.1736
-60 77.347 50.1539
-60 77.279 50.1351
-60 77.2141 50.117
-60 77.1513 50.1022
-60 77.0916 50.0882
-60 77.0349 50.0749
-60 76.9812 50.0626
-60 76.9302 50.0533
-60 76.8823 50.0447
-60 76.8375 50.0366
-60 76.7957 50.029
-60 76.757 50.0223
-60 76.721 50.0187
-60 76.688 50.0155
-60 76.6583 50.0125
-60 76.6316 50.0099
-60 76.6081 50.0076
-60 76.5877 50.0056
-60 76.5704 50.0039
-60 76.5563 50.0025
-60 76.5453 50.0014
-60 76.5375 50.0006
-60 76.5328 50.0002
-60 76.5312 50
-60 76.5328 49.9998
-60 76.5375 49.9994
-60 76.5453 49.9986
-60 76.5563 49.9975
-60 76.5704 49.9961
-60 76.5877 49.9944
-60 76.6081 49.9924
-60 76.6316 49.9901
-60 76.6583 49.9875
-60 76.688 49.9845
-60 76.721 49.9813
-60 76.757 49.9777
-60 76.7957 49.971
-60 76.8375 49.9634
-60 76.8823 49.9553
-60 76.9302 49.9467
-60 76.9812 49.9374
-60 77.0349 49.9251
-60 77.0916 49.9118
-60 77.1513 49.8978
-60 77.2141 49.883
-60 77.279 49.8649
-60 77.347 49.8461
-60 77.4179 49.8264
-60 77.4912 49.8038
-60 77.5672 49.7798
-60 77.6462 49.7549
-60 77.7274 49.7267
-60 77.8116 49.6973
-60 77.8983 49.6662
-60 77.9873 49.6324
-60 78.0792 49.5975
-60 78.1729 49.5593
-60 78.2694 49.5199
-60 78.368 49.4778
-60 78.469 49.4338
-60 78.5722 49.3873
-60 78.6778 49.3387
-60 78.7855 49.2875
-60 78.8955 49.2342
-60 79.0075 49.1781
-60 79.1218 49.1201
-60 79.2377 49.059
-60 79.3559 48.9959
-60 79.476 48.9299
-60 79.5981 48.8615
-60 79.722 48.7908
-60 79.8476 48.717
-60 79.9753 48.6409
-60 80.1048 48.562
-60 80.2357 48.4804
-60 80.3683 48.3965
-60 80.5027 48.3098
-60 80.6386 48.22
-60 80.7763 48.1277
-60 80.9157 48.0329
-60 81.0561 47.9352
-60 81.198 47.8348
-60 81.3415 47.7317
-60 81.4865 47.626
-60 81.6328 47.5174
-60 81.7804 47.4059
-60 81.9294 47.2917
-60 82.0797 47.1749
-60 82.2312 47.0553
-60 82.384 46.9331
-60 82.5379 46.8079
-60 82.693 46.6801
-60 82.8492 46.5495
-60 83.0065 46.4163
-60 83.1649 46.2804
-60 83.3244 46.1418
-60 83.485 46.0005
-60 83.6466 45.8565
-60 83.8092 45.7098
-60 83.9728 45.5605
-60 84.1374 45.4085
-60 84.303 45.2539
-60 84.4694 45.0968
-60 84.6366 44.9373
-60 84.8048 44.7751
-60 84.9739 44.6103
-60 85.1439 44.4429
-60 85.3148 44.273
-60 85.4865 44.1007
-60 85.6589 43.9261
-60 85.8322 43.749
-60 86.0064 43.5694
-60 86.1815 43.3874
-60 86.3573 43.2032
-60 86.5338 43.0168
-60 86.7112 42.8279
-60 86.8895 42.6366
-60 87.0684 42.4434
-60 87.2481 42.2479
-60 87.4288 42.0501
-60 87.6102 41.8502
-60 87.7923 41.6484
-60 87.9753 41.4444
-60 88.1591 41.2382
-60 88.3436 41.0303
-60 88.5291 40.8203
-60 88.7154 40.6084
-60 88.9024 40.3947
-60 89.0903 40.179
-60 89.2791 39.9616
-60 89.4688 39.7425
-60 89.6594 39.5216
-60 89.8508 39.2991
-60 90.0432 39.0749
-60 90.2366 38.8491
-60 90.4308 38.6219
-60 90.6261 38.393
-60 90.8223 38.1629
-60 91.0196 37.9313
-60 91.2179 37.6984
-60 91.4173 37.4642
-60 91.6178 37.2287
-60 91.8194 36.9921
-60 92.0223 36.7543
-60 92.2262 36.5156
-60 92.4314 36.2758
-60 92.6379 36.0351
-60 92.8457 35.7935
-60 93.0547 35.551
-60 93.2652 35.3079
-60 93.4771 35.0641
-60 93.6903 34.8196
-60 93.9052 34.5746
-60 94.1215 34.3292
-60 94.3394 34.0834
-60 94.559 33.8373
-60 94.7802 33.5909
-60 95.0031 33.3445
-60 95.2278 33.0979
-60 95.4545 32.8514
-60 95.6828 32.6051
-60 95.9133 32.359
-60 96.1456 32.1132
-60 96.3802 31.8678
-60 96.6167 31.623
-60 96.8555 31.3788
-60 97.0965 31.1354
-60 97.3399 30.893
-60 97.5855 30.6514
-60 97.8337 30.4111
-60 98.0843 30.172
-60 98.3376 29.9345
-60 98.5934 29.6983
-60 98.8521 29.4641
-60 99.1134 29.2314
-60 99.3777 29.0012
-60 99.6448 28.7728
-60 99.915 28.5472
-60 100.188 28.3237
-60 100.465 28.1035
-60 100.744 27.8859
-60 101.027 27.6717
-60 101.313 27.4608
-60 101.602 27.2535
-60 101.895 27.0503
-60 102.191 26.8509
-60 102.491 26.6561
-60 102.794 26.4657
-60 103.101 26.2805
-60 103.411 26.1002
-60 103.725 25.9257
-60 104.043 25.7566
-60 104.363 25.5938
-60 104.688 25.4372
-60 105.016 25.2872
-60 105.347 25.1445
-60 105.681 25.0085
-60 106.019 24.8808
-60 106.36 24.7605
-60 106.703 24.6487
-60 107.05 24.5452
-60 107.399 24.4504
-60 107.75 24.3651
-60 108.104 24.2884
-60 108.459 24.2222
-60 108.816 24.1651
-60 109.175 24.1185
-60 109.535 24.0819
-60 109.895 24.0555
-60 110.256 24.04
-60 110.617 24.0343
-60 110.978 24.0404
-60 111.339 24.0563
-60 111.698 24.0835
-60 112.056 24.1212
-60 112.413 24.1695
-60 112.767 24.2288
-60 113.12 24.298
-60 113.469 24.3783
-60 113.816 24.4681
-60 114.16 24.5689
-60 114.5 24.6789
-60 114.836 24.7991
-60 115.168 24.9285
-60 115.496 25.0673
-60 115.819 25.2152
-60 116.138 25.3716
-60 116.451 25.5371
-60 116.759 25.7102
-60 117.061 25.8922
-60 117.358 26.0811
-60 117.649 26.2784
-60 117.934 26.4822
-60 118.213 26.6936
-60 118.486 26.9112
-60 118.752 27.1357
-60 119.012 27.366
-60 119.265 27.6027
-60 119.511 27.8447
-60 119.75 28.0925
-60 119.983 28.3452
-60 120.209 28.6032
-60 120.427 28.8655
-60 120.638 29.1327
-60 120.842 29.4037
-60 121.039 29.6791
-60 121.228 29.9579
-60 121.41 30.2407
-60 121.584 30.5264
-60 121.751 30.8154
-60 121.91 31.1072
-60 122.061 31.4016
-60 122.205 31.6984
-60 122.341 31.9973
-60 122.469 32.2984
-60 122.59 32.6009
-60 122.703 32.9052
-60 122.808 33.2107
-60 122.905 33.5172
-60 122.994 33.8246
-60 123.076 34.1326
-60 123.149 34.4411
-60 123.215 34.7497
-60 123.274 35.0582
-60 123.324 35.3666
-60 123.367 35.6744
-60 123.403 35.9816
-60 123.43 36.288
-60 123.45 36.5933
-60 123.464 36.8972
-60 123.469 37.1996
-60 123.467 37.5003
-60 123.459 37.7992
-60 123.442 38.096
-60 123.42 38.3905
-60 123.39 38.6826
-60 123.354 38.9721
-60 123.311 39.2587
-60 123.262 39.5424
-60 123.207 39.823
-60 123.146 40.1004
-60 123.079 40.3743
-60 123.006 40.6448
-60 122.927 40.9116
-60 122.844 41.1748
-60 122.755 41.434
-60 122.661 41.6891
-60 122.562 41.9403
-60 122.459 42.1873
-60 122.351 42.4302
-60 122.24 42.6688
-60 122.124 42.903
-60 122.004 43.1328
-60 121.881 43.3581
-60 121.754 43.579
-60 121.624 43.7955
-60 121.492 44.0074
-60 121.356 44.2148
-60 121.218 44.4177
-60 121.077 44.6161
-60 120.934 44.81
-60 120.789 44.9993
-60 120.642 45.1841
-60 120.493 45.3644
-60 120.343 45.5402
-60 120.191 45.7116
-60 120.038 45.8786
-60 119.884 46.0412
-60 119.729 46.1995
-60 119.574 46.3534
-60 119.417 46.5032
-60 119.261 46.6487
-60 119.104 46.7901
-60 118.947 46.9275
-60 118.789 47.0608
-60 118.632 47.1902
-60 118.475 47.3157
-60 118.319 47.4373
-60 118.162 47.5549
-60 118.006 47.6688
-60 117.851 47.7791
-60 117.697 47.8859
-60 117.543 47.9892
-60 117.391 48.0888
-60 117.239 48.1848
-60 117.089 48.2775
-60 116.94 48.3672
-60 116.792 48.4536
-60 116.645 48.5365
-60 116.5 48.6166
-60 116.357 48.6938
-60 116.215 48.7676
-60 116.075 48.8385
-60 115.936 48.9069
-60 115.8 48.9723
-60 115.665 49.0349
-60 115.532 49.0952
-60 115.402 49.1524
-60 115.273 49.2073
-60 115.146 49.26
-60 115.022 49.3096
-60 114.9 49.3576
-60 114.78 49.4027
-60 114.662 49.4461
-60 114.547 49.4869
-60 114.435 49.5258
-60 114.324 49.5626
-60 114.216 49.5975
-60 114.111 49.6303
-60 114.008 49.6616
-60 113.908 49.6905
-60 113.811 49.7185
-60 113.716 49.7437
-60 113.624 49.7682
-60 113.535 49.7905
-60 113.448 49.8114
-60 113.365 49.8315
-60 113.284 49.849
-60 113.206 49.8659
-60 113.131 49.8818
-60 113.058 49.8954
-60 112.989 49.9085
-60 112.922 49.921
-60 112.859 49.9312
-60 112.798 49.9407
-60 112.741 49.9498
-60 112.687 49.9581
-60 112.635 49.9644
-60 112.587 49.9702
-60 112.541 49.9756
-60 112.499 49.9807
-60 112.46 49.9853
-60 112.424 49.9876
-60 112.391 49.9898
-60 112.361 49.9917
-60 112.334 49.9934
-60 112.311 49.995
-60 112.291 49.9963
-60 112.273 49.9974
-60 112.259 49.9984
-60 112.248 49.9991
-60 112.24 49.9996
-60 112.236 49.9999
224.118
389.474
1140
2
ValFK = 19.0426
ValIK = 18.4628
ValUni = 18.8731
ValIKUni = 21.1067
min kesi = 0.193838
min Unikesi = 0.16746
len_avg = 53.6551
len_var = 5.66093
